Id	MealNumber	DayId
19	1	4
27	1	5
35	1	6
42	1	7
54	1	9
62	1	10
75	1	16
92	1	17
98	1	18
109	1	19
121	1	23
128	1	26
136	1	27
141	1	28
149	1	30
1149	1	1030
1154	1	1034
1160	1	1035
1169	1	1038
1175	1	1039
1184	1	1040
1192	1	1041
1199	1	1044
1205	1	1047
1212	1	1048
1222	1	1050
2156	1	1051
3161	1	1053
3172	1	1055
3178	1	1057
3183	1	1058
3188	1	1064
3196	1	1065
4185	1	1066
4191	1	1067
4194	1	1068
4210	1	1076
4215	1	1088
4222	1	1091
4230	1	1095
4237	1	1097
4245	1	1099
4251	1	1101
4259	1	1104
4267	1	1105
4275	1	1106
4283	1	1110
4288	1	1113
4295	1	1119
4302	1	1120
4311	1	1122
4316	1	1124
4324	1	1126
4335	1	1128
4342	1	1129
4347	1	1130
4356	1	1132
4361	1	1134
4365	1	1136
4369	1	1138
4373	1	1140
4377	1	1142
4381	1	1143
4388	1	1149
4393	1	1150
4396	1	1151
4400	1	1154
4405	1	1155
4411	1	1156
4416	1	1158
4419	1	1161
4423	1	1163
4427	1	1164
4434	1	1169
4439	1	1171
4452	1	1176
4456	1	1177
4462	1	1181
4467	1	1184
4473	1	1188
4475	1	1189
4479	1	1190
4485	1	1191
4490	1	1195
4493	1	1196
4497	1	1197
4500	1	1199
4504	1	1203
4506	1	1205
4510	1	1206
4514	1	1207
4520	1	1211
4523	1	1212
4528	1	1215
4560	1	1232
4566	1	1233
4571	1	1234
4576	1	1235
4582	1	1236
4587	1	1237
4592	1	1238
4597	1	1239
4602	1	1240
4611	1	1243
4615	1	1244
4620	1	1247
4626	1	1248
4631	1	1249
4636	1	1251
4644	1	1252
4650	1	1253
4660	1	1254
4664	1	1256
4669	1	1257
4675	1	1258
4680	1	1259
4687	1	1260
4692	1	1262
4696	1	1263
4700	1	1265
4705	1	1267
4709	1	1268
4714	1	1269
20	2	4
28	2	5
36	2	6
43	2	7
55	2	9
63	2	10
76	2	16
93	2	17
99	2	18
110	2	19
122	2	23
129	2	26
137	2	27
142	2	28
150	2	30
1150	2	1030
1155	2	1034
1161	2	1035
1170	2	1038
1176	2	1039
1185	2	1040
1193	2	1041
1200	2	1044
1206	2	1047
1213	2	1048
1223	2	1050
2157	2	1051
3162	2	1053
3173	2	1055
3179	2	1057
3184	2	1058
3189	2	1064
3197	2	1065
4186	2	1066
4192	2	1067
4195	2	1068
4211	2	1076
4216	2	1088
4223	2	1091
4231	2	1095
4238	2	1097
4246	2	1099
4252	2	1101
4260	2	1104
4268	2	1105
4276	2	1106
4284	2	1110
4289	2	1113
4296	2	1119
4303	2	1120
4312	2	1122
4317	2	1124
4325	2	1126
4336	2	1128
4343	2	1129
4348	2	1130
4357	2	1132
4362	2	1134
4366	2	1136
4370	2	1138
4374	2	1140
4378	2	1142
4382	2	1143
4389	2	1149
4394	2	1150
4397	2	1151
4401	2	1154
4406	2	1155
4412	2	1156
4417	2	1158
4420	2	1161
4424	2	1163
4428	2	1164
4435	2	1169
4440	2	1171
4453	2	1176
4457	2	1177
4463	2	1181
4468	2	1184
4474	2	1188
4476	2	1189
4480	2	1190
4486	2	1191
4491	2	1195
4494	2	1196
4498	2	1197
4501	2	1199
4505	2	1203
4507	2	1205
4511	2	1206
4515	2	1207
4521	2	1211
4524	2	1212
4527	2	1213
4561	2	1232
4567	2	1233
4572	2	1234
4577	2	1235
4583	2	1236
4588	2	1237
4593	2	1238
4598	2	1239
4603	2	1240
4612	2	1243
4616	2	1244
4621	2	1247
4627	2	1248
4632	2	1249
4637	2	1251
4646	2	1252
4651	2	1253
4661	2	1254
4665	2	1256
4670	2	1257
4676	2	1258
4681	2	1259
4688	2	1260
4693	2	1262
4697	2	1263
4701	2	1265
4706	2	1267
4710	2	1268
4715	2	1269
21	3	4
29	3	5
37	3	6
44	3	7
56	3	9
64	3	10
77	3	16
94	3	17
103	3	18
112	3	19
123	3	23
130	3	26
138	3	27
143	3	28
151	3	30
1151	3	1030
1156	3	1034
1162	3	1035
1171	3	1038
1177	3	1039
1186	3	1040
1194	3	1041
1201	3	1044
1207	3	1047
1214	3	1048
1224	3	1050
2158	3	1051
3163	3	1053
3174	3	1055
3180	3	1057
3185	3	1058
3190	3	1064
3198	3	1065
4187	3	1066
4193	3	1067
4196	3	1068
4212	3	1076
4217	3	1088
4224	3	1091
4232	3	1095
4239	3	1097
4247	3	1099
4253	3	1101
4261	3	1104
4269	3	1105
4277	3	1106
4285	3	1110
4290	3	1113
4297	3	1119
4306	3	1120
4313	3	1122
4318	3	1124
4328	3	1126
4337	3	1128
4344	3	1129
4349	3	1130
4358	3	1132
4363	3	1134
4367	3	1136
4371	3	1138
4375	3	1140
4379	3	1142
4383	3	1143
4390	3	1149
4395	3	1150
4398	3	1151
4402	3	1154
4408	3	1155
4413	3	1156
4421	3	1161
4425	3	1163
4429	3	1164
4436	3	1169
4441	3	1171
4455	3	1176
4458	3	1177
4464	3	1181
4469	3	1184
4477	3	1189
4481	3	1190
4487	3	1191
4492	3	1195
4495	3	1196
4502	3	1199
4508	3	1205
4512	3	1206
4517	3	1207
4522	3	1211
4525	3	1212
4562	3	1232
4568	3	1233
4573	3	1234
4578	3	1235
4584	3	1236
4589	3	1237
4594	3	1238
4599	3	1239
4604	3	1240
4613	3	1243
4617	3	1244
4622	3	1247
4628	3	1248
4633	3	1249
4638	3	1251
4647	3	1252
4652	3	1253
4662	3	1254
4666	3	1256
4673	3	1257
4677	3	1258
4682	3	1259
4689	3	1260
4694	3	1262
4698	3	1263
4702	3	1265
4707	3	1267
4711	3	1268
4716	3	1269
22	4	4
30	4	5
38	4	6
45	4	7
57	4	9
65	4	10
78	4	16
95	4	17
104	4	18
113	4	19
124	4	23
131	4	26
139	4	27
144	4	28
152	4	30
1152	4	1030
1157	4	1034
1163	4	1035
1172	4	1038
1178	4	1039
1187	4	1040
1195	4	1041
1202	4	1044
1208	4	1047
1215	4	1048
1225	4	1050
2159	4	1051
3164	4	1053
3175	4	1055
3181	4	1057
3186	4	1058
3191	4	1064
3199	4	1065
4188	4	1066
4197	4	1068
4213	4	1076
4218	4	1088
4225	4	1091
4233	4	1095
4240	4	1097
4248	4	1099
4254	4	1101
4262	4	1104
4270	4	1105
4278	4	1106
4286	4	1110
4291	4	1113
4298	4	1119
4307	4	1120
4314	4	1122
4319	4	1124
4329	4	1126
4338	4	1128
4345	4	1129
4352	4	1130
4359	4	1132
4364	4	1134
4368	4	1136
4372	4	1138
4376	4	1140
4380	4	1142
4384	4	1143
4391	4	1149
4404	4	1154
4409	4	1155
4415	4	1156
4426	4	1163
4430	4	1164
4437	4	1169
4459	4	1177
4465	4	1181
4470	4	1184
4478	4	1189
4482	4	1190
4496	4	1196
4503	4	1199
4509	4	1205
4513	4	1206
4563	4	1232
4569	4	1233
4574	4	1234
4579	4	1235
4585	4	1236
4590	4	1237
4595	4	1238
4600	4	1239
4605	4	1240
4614	4	1243
4618	4	1244
4623	4	1247
4629	4	1248
4634	4	1249
4639	4	1251
4648	4	1252
4653	4	1253
4663	4	1254
4667	4	1256
4674	4	1257
4678	4	1258
4683	4	1259
4690	4	1260
4695	4	1262
4699	4	1263
4703	4	1265
4708	4	1267
4712	4	1268
4717	4	1269
23	5	4
31	5	5
39	5	6
46	5	7
58	5	9
66	5	10
81	5	16
96	5	17
105	5	18
114	5	19
125	5	23
132	5	26
140	5	27
145	5	28
1148	5	30
1153	5	1030
1158	5	1034
1166	5	1035
1173	5	1038
1179	5	1039
1188	5	1040
1196	5	1041
1203	5	1044
1209	5	1047
1216	5	1048
1226	5	1050
2162	5	1051
3166	5	1053
3176	5	1055
3182	5	1057
3187	5	1058
3192	5	1064
3200	5	1065
4189	5	1066
4199	5	1068
4214	5	1076
4219	5	1088
4226	5	1091
4234	5	1095
4241	5	1097
4249	5	1099
4255	5	1101
4263	5	1104
4271	5	1105
4279	5	1106
4287	5	1110
4292	5	1113
4299	5	1119
4308	5	1120
4315	5	1122
4320	5	1124
4330	5	1126
4339	5	1128
4346	5	1129
4353	5	1130
4360	5	1132
4385	5	1143
4392	5	1149
4438	5	1169
4484	5	1190
4564	5	1232
4570	5	1233
4575	5	1234
4580	5	1235
4586	5	1236
4591	5	1237
4596	5	1238
4601	5	1239
4606	5	1240
4624	5	1247
4630	5	1248
4635	5	1249
4640	5	1251
4649	5	1252
4657	5	1253
4668	5	1256
4679	5	1258
4684	5	1259
4704	5	1265
4713	5	1268
24	6	4
40	6	6
47	6	7
59	6	9
67	6	10
82	6	16
97	6	17
106	6	18
126	6	23
133	6	26
146	6	28
1159	6	1034
1167	6	1035
1174	6	1038
1180	6	1039
1189	6	1040
1197	6	1041
1204	6	1044
1210	6	1047
1217	6	1048
2155	6	1050
3157	6	1051
3167	6	1053
3177	6	1055
3193	6	1064
4184	6	1065
4190	6	1066
4220	6	1088
4227	6	1091
4235	6	1095
4242	6	1097
4250	6	1099
4256	6	1101
4264	6	1104
4272	6	1105
4280	6	1106
4293	6	1113
4300	6	1119
4309	6	1120
4321	6	1124
4331	6	1126
4340	6	1128
4354	6	1130
4565	6	1232
4581	6	1235
4607	6	1240
4625	6	1247
4641	6	1251
4658	6	1253
4685	6	1259
25	7	4
41	7	6
48	7	7
60	7	9
68	7	10
83	7	16
107	7	18
127	7	23
134	7	26
147	7	28
1168	7	1035
1181	7	1039
1190	7	1040
1198	7	1041
1211	7	1047
1218	7	1048
3158	7	1051
3195	7	1064
4221	7	1088
4228	7	1091
4236	7	1095
4243	7	1097
4257	7	1101
4265	7	1104
4273	7	1105
4281	7	1106
4294	7	1113
4301	7	1119
4322	7	1124
4332	7	1126
4341	7	1128
4642	7	1251
4659	7	1253
4686	7	1259
49	8	7
61	8	9
91	8	16
108	8	18
135	8	26
148	8	28
1182	8	1039
1191	8	1040
4229	8	1091
4244	8	1097
4258	8	1101
4266	8	1104
4274	8	1105
4282	8	1106
4323	8	1124
4643	8	1251
50	9	7
