Id	MealEntryNumber	MealId	FoodId	Calories
54	1	19	7	184
55	1	20	11	120
56	2	20	8	200
57	1	21	6	120
58	2	21	9	210
59	1	22	7	184
60	1	23	10	100
61	2	23	9	230
62	1	24	14	110
63	2	24	6	120
64	1	25	11	40
66	1	27	7	184
67	2	27	8	100
68	3	27	11	120
69	1	28	8	100
70	2	28	6	130
71	3	28	9	210
72	1	29	8	100
73	1	30	8	100
74	2	30	12	35
75	3	30	7	184
76	1	31	11	40
77	2	31	9	210
78	3	31	10	100
79	4	31	12	35
80	5	31	8	100
89	1	35	7	184
90	2	35	8	100
91	3	35	11	40
92	1	36	10	100
93	2	36	9	210
94	1	37	8	100
95	2	37	11	40
96	1	38	14	110
97	2	38	6	120
98	1	39	13	180
99	1	40	11	40
100	2	40	8	100
101	3	40	7	184
102	4	40	6	120
103	5	40	14	110
104	1	41	8	100
105	1	42	7	184
106	1	43	8	100
107	2	43	11	80
108	3	43	13	180
109	1	44	10	100
110	1	45	9	230
111	1	46	11	40
112	2	46	7	184
113	1	47	8	200
114	2	47	14	110
115	1	48	6	105
116	1	49	11	40
117	2	49	12	35
118	1	50	8	100
128	1	54	7	184
129	2	54	11	40
130	3	54	8	100
131	1	55	13	180
132	1	56	6	120
133	2	56	14	110
134	3	56	8	100
135	1	57	10	100
136	2	57	9	230
137	3	57	11	40
138	4	57	8	100
139	1	58	7	184
140	2	58	11	40
141	1	59	8	100
142	2	59	9	210
143	1	60	8	100
144	1	61	11	40
145	1	62	7	184
146	2	62	8	100
147	1	63	10	100
148	2	63	9	210
149	1	64	11	40
150	1	65	8	100
151	2	65	8	100
152	1	66	13	180
153	1	67	8	100
154	1	68	14	110
155	2	68	6	120
156	3	68	7	184
159	1	75	7	184
160	2	75	11	120
161	3	75	8	100
162	1	76	6	120
163	2	76	9	105
164	1	77	8	100
165	2	77	10	100
166	1	78	7	184
167	2	78	9	105
168	3	78	11	40
169	1	81	8	100
170	1	82	14	110
171	2	82	6	130
172	1	83	9	230
173	1	91	8	100
174	1	92	7	184
175	2	92	11	120
176	3	92	8	100
177	1	93	6	120
178	2	93	8	100
179	1	94	13	180
180	1	95	8	100
181	2	95	10	100
182	3	95	9	230
183	4	95	11	40
184	1	96	7	184
185	2	96	8	100
186	1	97	11	40
187	2	97	8	100
188	1	98	8	100
189	2	98	7	184
190	3	98	13	180
191	1	99	11	40
192	1	103	6	120
193	2	103	9	210
194	3	103	8	100
195	4	103	11	40
196	1	104	10	100
197	2	104	12	35
198	3	104	9	210
199	4	104	7	184
200	1	105	8	100
201	2	105	11	40
202	1	106	14	110
203	2	106	6	125
204	3	106	12	35
205	1	107	11	40
206	2	107	8	100
207	1	108	7	184
208	1	109	7	184
209	2	109	8	100
210	3	109	11	120
211	4	109	13	180
212	1	110	8	100
213	2	110	6	120
214	3	110	9	230
215	1	112	7	184
216	2	112	8	100
217	3	112	11	40
218	1	113	10	100
219	2	113	9	250
220	1	114	6	120
221	2	114	12	35
239	1	121	8	100
240	2	121	7	184
241	3	121	11	40
242	1	122	13	180
243	2	122	8	100
244	3	122	10	100
245	4	122	9	230
246	1	123	11	40
247	1	124	8	100
248	2	124	11	40
249	3	124	8	100
250	4	124	6	120
251	5	124	9	230
252	1	125	11	40
253	1	126	7	184
254	2	126	14	110
255	3	126	6	120
256	1	127	8	100
257	1	128	7	184
258	2	128	8	100
259	3	128	11	120
260	4	128	13	180
261	1	129	6	150
262	2	129	9	105
263	1	130	8	100
264	1	131	10	100
265	2	131	8	100
266	3	131	9	105
267	1	132	6	128
268	2	132	12	35
269	3	132	11	40
270	1	133	7	184
271	2	133	8	100
272	1	134	6	120
273	2	134	12	35
274	1	135	8	100
275	1	136	7	184
276	2	136	8	100
277	3	136	13	180
278	4	136	11	120
279	1	137	8	100
280	2	137	6	120
281	3	137	9	105
282	4	137	8	100
283	1	138	12	35
284	2	138	10	100
285	3	138	11	40
286	1	139	7	184
287	2	139	9	105
288	3	139	8	100
289	1	140	14	110
290	2	140	6	135
291	3	140	11	40
292	1	141	11	40
293	2	141	13	180
294	3	141	7	184
295	4	141	9	105
296	1	142	8	100
297	1	143	11	40
298	2	143	6	120
299	3	143	8	100
300	1	144	9	230
301	1	145	11	40
302	1	146	10	100
303	2	146	7	184
304	3	146	8	100
305	1	147	6	135
306	2	147	14	110
307	3	147	11	40
308	1	148	8	100
309	2	148	8	100
310	3	148	11	40
311	1	149	7	184
312	2	149	8	100
313	3	149	11	120
314	4	149	13	180
315	1	150	8	100
316	2	150	9	230
317	3	150	6	120
318	1	151	10	100
319	2	151	7	184
320	1	152	8	100
321	2	152	6	120
322	3	152	14	110
323	4	152	11	40
324	5	152	8	100
1308	1	1148	11	40
1309	2	1148	8	100
1310	3	1148	9	210
1311	1	1149	7	184
1312	2	1149	11	120
1313	3	1149	8	200
1314	4	1149	13	180
1315	1	1150	8	100
1316	2	1150	6	120
1317	3	1150	9	105
1318	4	1150	7	184
1319	1	1151	11	40
1320	2	1151	10	100
1321	1	1152	6	120
1322	2	1152	14	110
1323	3	1152	8	100
1324	1	1153	8	100
1325	1	1154	7	184
1326	2	1154	11	40
1327	3	1154	8	100
1328	4	1154	13	180
1329	1	1155	6	110
1330	2	1155	9	210
1331	3	1155	8	100
1332	4	1155	11	40
1333	1	1156	10	100
1334	2	1156	12	35
1335	3	1156	8	100
1336	4	1156	9	230
1337	1	1157	6	150
1338	2	1157	14	110
1339	1	1158	7	184
1340	2	1158	9	230
1341	1	1159	8	100
1342	2	1159	9	105
1343	3	1159	11	40
1344	1	1160	7	184
1345	2	1160	11	40
1346	1	1161	8	100
1347	2	1161	9	105
1348	3	1161	13	180
1349	1	1162	8	100
1350	2	1162	11	40
1351	1	1163	10	100
1352	2	1163	8	100
1353	3	1163	11	40
1354	1	1166	6	135
1355	2	1166	9	230
1356	3	1166	7	184
1357	1	1167	6	120
1358	2	1167	14	110
1359	3	1167	8	200
1360	1	1168	8	200
1361	2	1168	9	105
1362	3	1168	11	40
1363	1	1169	7	184
1364	2	1169	8	100
1365	3	1169	11	120
1366	4	1169	13	180
1367	1	1170	6	150
1368	2	1170	9	210
1369	3	1170	7	184
1370	4	1170	8	100
1371	1	1171	11	40
1372	1	1172	10	100
1373	2	1172	8	100
1374	1	1173	6	120
1375	2	1173	14	110
1376	3	1173	8	100
1377	1	1174	8	200
1378	2	1174	11	40
1379	1	1175	7	184
1380	2	1175	8	100
1381	3	1175	11	120
1382	4	1175	13	180
1383	1	1176	6	120
1384	2	1176	9	105
1385	1	1177	8	100
1386	2	1177	10	45
1387	3	1177	7	184
1388	4	1177	9	105
1389	1	1178	11	40
1390	2	1178	8	100
1391	1	1179	6	120
1392	2	1179	14	110
1393	1	1180	7	184
1394	2	1180	9	210
1395	1	1181	8	100
1396	2	1181	11	40
1397	1	1182	8	100
1401	1	1184	7	184
1402	2	1184	8	100
1403	3	1184	11	40
1404	4	1184	13	180
1405	1	1185	8	100
1406	2	1185	9	210
1407	1	1186	11	40
1408	2	1186	6	120
1409	1	1187	11	40
1410	1	1188	7	210
1411	2	1188	9	210
1412	1	1189	14	110
1413	2	1189	11	40
1414	3	1189	6	170
1415	1	1190	6	120
1416	2	1190	8	100
1417	1	1191	8	100
1418	2	1191	11	40
1419	1	1192	7	184
1420	2	1192	8	100
1421	3	1192	11	120
1422	4	1192	13	180
1423	1	1193	6	350
1424	1	1194	8	100
1425	2	1194	6	120
1426	3	1194	9	220
1427	1	1195	7	184
1428	2	1195	11	40
1429	1	1196	8	100
1430	2	1196	6	120
1431	3	1196	14	110
1432	1	1197	6	120
1433	2	1197	11	40
1434	1	1198	8	100
1435	1	1199	7	184
1436	2	1199	8	100
1437	3	1199	11	120
1438	4	1199	13	180
1439	1	1200	8	100
1440	2	1200	9	210
1441	3	1200	6	120
1442	4	1200	7	184
1443	5	1200	12	35
1444	1	1201	11	40
1445	2	1201	9	230
1446	3	1201	10	100
1447	1	1202	14	110
1448	2	1202	6	120
1449	3	1202	8	100
1450	1	1203	7	184
1451	1	1204	8	200
1452	2	1204	11	40
1453	1	1205	7	184
1454	2	1205	8	100
1455	1	1206	11	40
1456	2	1206	13	180
1457	1	1207	6	120
1458	2	1207	9	210
1459	3	1207	11	40
1460	1	1208	8	100
1461	1	1209	7	184
1462	2	1209	7	184
1463	3	1209	9	230
1464	1	1210	8	100
1465	2	1210	14	110
1466	3	1210	6	120
1467	4	1210	11	40
1468	1	1211	8	100
1469	2	1211	11	80
1470	1	1212	7	184
1471	2	1212	8	100
1472	3	1212	11	40
1473	1	1213	10	100
1474	2	1213	8	100
1475	3	1213	11	40
1476	1	1214	13	180
1477	2	1214	6	120
1478	3	1214	8	100
1479	1	1215	11	40
1480	2	1215	7	184
1481	3	1215	9	230
1482	4	1215	11	40
1483	5	1215	8	100
1484	1	1216	13	180
1485	2	1216	6	150
1486	1	1217	11	40
1487	2	1217	8	100
1488	1	1218	9	210
1489	2	1218	8	100
1498	1	1222	7	184
1499	2	1222	13	180
1500	3	1222	8	100
1501	4	1222	11	120
1502	1	1223	10	100
1503	2	1223	9	105
1504	1	1224	8	100
1505	2	1224	7	184
1506	3	1224	9	210
1507	4	1224	8	100
1508	5	1224	11	40
1509	1	1225	6	120
1510	1	1226	8	100
1511	2	1226	6	140
1512	3	1226	14	110
1513	4	1226	7	184
1514	5	1226	9	230
2329	1	2155	8	200
2330	2	2155	11	40
2331	1	2156	11	40
2332	2	2156	7	184
2333	3	2156	8	100
2334	4	2156	13	180
2335	1	2157	11	40
2336	2	2157	9	105
2337	3	2157	6	120
2338	4	2157	8	100
2339	1	2158	7	184
2340	2	2158	11	40
2341	1	2159	11	40
2342	2	2159	8	100
2343	3	2159	11	40
2344	1	2162	10	100
2345	2	2162	9	210
2346	3	2162	11	40
3335	1	3157	6	120
3336	2	3157	14	110
3337	3	3157	8	100
3338	4	3157	12	35
3339	5	3157	11	40
3340	1	3158	8	100
3347	1	3161	7	184
3348	2	3161	8	100
3349	3	3161	11	80
3350	4	3161	8	200
3351	5	3161	13	180
3352	1	3162	6	90
3353	2	3162	9	210
3354	3	3162	8	100
3355	1	3163	7	184
3356	2	3163	9	230
3357	1	3164	6	100
3358	2	3164	14	60
3359	3	3164	11	40
3360	1	3166	8	100
3361	2	3166	7	184
3362	3	3166	8	100
3363	4	3166	9	210
3364	1	3167	8	100
3375	1	3172	13	180
3376	2	3172	11	40
3377	3	3172	8	100
3378	1	3173	7	184
3379	2	3173	9	210
3380	3	3173	8	100
3381	1	3174	6	145
3382	2	3174	8	100
3383	1	3175	11	40
3384	2	3175	10	100
3385	3	3175	9	230
3386	1	3176	8	100
3387	2	3176	6	120
3388	3	3176	14	110
3389	1	3177	11	40
3390	2	3177	8	100
3391	1	3178	7	184
3392	2	3178	8	100
3393	3	3178	8	100
3394	4	3178	13	180
3395	5	3178	11	80
3396	1	3179	10	100
3397	2	3179	9	210
3398	1	3180	8	100
3399	2	3180	6	120
3400	3	3180	11	40
3401	1	3181	7	184
3402	2	3181	9	230
3403	3	3181	11	40
3404	1	3182	8	100
3405	2	3182	6	120
3406	3	3182	14	110
3407	4	3182	7	184
3408	5	3182	11	40
3409	6	3182	8	100
3410	1	3183	7	184
3411	2	3183	8	100
3412	3	3183	11	80
3413	4	3183	13	180
3414	1	3184	8	100
3415	2	3184	10	100
3416	3	3184	9	210
3417	1	3185	11	40
3418	2	3185	8	100
3419	3	3185	7	184
3420	4	3185	12	35
3421	5	3185	11	40
3422	1	3186	8	100
3423	2	3186	14	110
3424	3	3186	6	120
3425	4	3186	12	35
3426	1	3187	11	40
3427	2	3187	8	100
3428	1	3188	11	40
3429	2	3188	13	180
3430	3	3188	8	100
3431	4	3188	7	184
3432	1	3189	11	40
3433	2	3189	10	100
3434	3	3189	9	210
3435	1	3190	8	100
3436	2	3190	11	40
3437	3	3190	6	120
3438	4	3190	9	230
3439	1	3191	8	100
3440	1	3192	11	40
3441	2	3192	14	110
3442	3	3192	6	120
3443	1	3193	7	184
3444	2	3193	9	230
3445	3	3193	8	100
3446	4	3193	11	40
3447	1	3195	8	100
3448	1	3196	7	184
3449	2	3196	8	100
3450	3	3196	13	180
3451	4	3196	11	80
3452	1	3197	8	100
3453	2	3197	10	100
3454	3	3197	9	210
3455	4	3197	11	40
3456	1	3198	8	100
3457	2	3198	9	230
3458	3	3198	7	184
3459	4	3198	11	40
3460	1	3199	6	120
3461	2	3199	8	100
3462	3	3199	11	40
3463	1	3200	6	120
3464	2	3200	14	110
4414	1	4184	11	40
4415	2	4184	8	100
4416	1	4185	7	184
4417	2	4185	8	100
4418	3	4185	11	120
4419	4	4185	13	180
4420	5	4185	8	100
4421	1	4186	8	100
4422	2	4186	6	120
4423	3	4186	9	230
4424	1	4187	11	40
4425	1	4188	7	184
4426	2	4188	8	100
4427	3	4188	10	100
4428	4	4188	14	110
4429	5	4188	9	210
4430	1	4189	8	100
4431	2	4189	7	184
4432	1	4190	8	100
4433	2	4190	11	40
4434	1	4191	8	100
4435	2	4191	11	40
4436	3	4191	7	184
4437	4	4191	13	180
4438	5	4191	8	100
4439	6	4191	9	210
4440	7	4191	11	40
4441	1	4192	11	40
4442	2	4192	8	100
4443	3	4192	6	120
4444	4	4192	11	40
4445	5	4192	8	100
4446	6	4192	7	184
4447	7	4192	9	230
4448	1	4193	6	120
4449	2	4193	14	110
4450	3	4193	8	100
4451	4	4193	8	100
4452	5	4193	11	40
4453	1	4194	8	100
4454	2	4194	11	40
4455	3	4194	13	180
4456	1	4195	7	184
4457	2	4195	9	210
4458	3	4195	8	100
4459	1	4196	11	40
4460	2	4196	8	100
4461	3	4196	10	80
4462	4	4196	11	40
4463	5	4196	8	100
4464	6	4196	6	120
4465	7	4196	9	230
4466	1	4197	12	35
4467	2	4197	7	184
4468	3	4197	11	40
4469	1	4199	14	110
4470	2	4199	6	120
4471	3	4199	8	100
4472	4	4199	8	100
4501	1	4210	23	80
4502	2	4210	11	80
4503	1	4211	12	35
4504	2	4211	7	250
4505	3	4211	17	260
4506	4	4211	9	215
4507	1	4212	11	80
4508	2	4212	13	180
4509	3	4212	17	260
4510	4	4212	6	120
4511	5	4212	14	50
4512	6	4212	20	150
4513	1	4213	18	150
4514	2	4213	19	100
4515	3	4213	22	360
4516	4	4213	11	40
4517	1	4214	20	150
4518	2	4214	19	100
4519	3	4214	8	100
4520	4	4214	11	40
4521	5	4214	18	150
4522	1	4215	11	80
4523	2	4215	13	50
4524	3	4215	23	80
4525	4	4215	17	130
4526	5	4215	8	100
4527	6	4215	6	120
4528	7	4215	21	100
4529	1	4216	9	210
4530	2	4216	11	40
4531	3	4216	7	200
4532	4	4216	18	150
4533	5	4216	19	100
4534	1	4217	23	40
4535	2	4217	6	135
4536	3	4217	17	260
4537	4	4217	19	100
4538	1	4218	12	35
4539	2	4218	21	140
4540	3	4218	23	80
4541	4	4218	8	60
4542	1	4219	13	90
4543	1	4220	18	150
4544	2	4220	11	40
4545	3	4220	19	100
4546	1	4221	17	130
4547	2	4221	8	100
4548	3	4221	23	20
4549	1	4222	11	80
4550	2	4222	23	80
4551	3	4222	12	35
4552	4	4222	7	200
4553	5	4222	9	210
4554	1	4223	8	100
4555	2	4223	13	90
4556	3	4223	14	110
4557	4	4223	6	155
4558	1	4224	19	100
4559	2	4224	18	140
4560	1	4225	11	40
4561	2	4225	23	40
4562	3	4225	13	90
4563	1	4226	8	100
4564	2	4226	11	40
4565	3	4226	23	40
4566	4	4226	13	90
4567	1	4227	19	100
4568	1	4228	21	140
4569	2	4228	11	40
4570	1	4229	17	130
4571	2	4229	21	100
4572	1	4230	11	80
4573	2	4230	23	80
4574	3	4230	6	150
4575	4	4230	17	130
4576	5	4230	21	100
4577	6	4230	13	90
4578	7	4230	8	100
4579	1	4231	12	35
4580	2	4231	7	200
4581	3	4231	9	210
4582	1	4232	21	140
4583	1	4233	11	80
4584	2	4233	17	260
4585	3	4233	13	90
4586	4	4233	6	160
4587	5	4233	14	80
4588	6	4233	21	100
4589	1	4234	19	100
4590	2	4234	21	140
4591	1	4235	11	40
4592	1	4236	11	40
4593	2	4236	8	100
4594	1	4237	13	180
4595	2	4237	11	80
4596	3	4237	23	80
4597	4	4237	17	130
4598	5	4237	21	100
4599	6	4237	8	100
4600	1	4238	12	35
4601	2	4238	7	184
4602	3	4238	9	230
4603	1	4239	11	40
4604	2	4239	21	140
4605	1	4240	19	160
4606	2	4240	18	150
4607	1	4241	17	130
4608	2	4241	11	40
4609	3	4241	6	155
4610	4	4241	20	150
4611	5	4241	19	100
4612	1	4242	18	150
4613	2	4242	21	140
4614	3	4242	8	100
4615	1	4243	19	100
4616	1	4244	8	100
4617	2	4244	11	40
4618	1	4245	11	80
4619	2	4245	7	200
4620	3	4245	9	210
4621	4	4245	17	130
4622	5	4245	19	160
4623	1	4246	11	40
4624	2	4246	18	150
4625	3	4246	19	100
4626	4	4246	8	100
4627	1	4247	21	140
4628	2	4247	13	180
4629	3	4247	11	40
4630	1	4248	6	135
4631	2	4248	14	77
4632	3	4248	17	153
4633	4	4248	20	150
4634	1	4249	11	40
4635	2	4249	8	100
4636	3	4249	18	150
4637	4	4249	19	260
4638	1	4250	11	40
4639	2	4250	8	100
4640	3	4250	17	130
4641	1	4251	11	80
4642	2	4251	17	130
4643	3	4251	9	210
4644	4	4251	7	200
4645	5	4251	19	160
4646	1	4252	18	150
4647	2	4252	19	100
4648	3	4252	21	140
4649	1	4253	11	40
4650	2	4253	13	180
4651	3	4253	17	130
4652	4	4253	11	40
4653	5	4253	19	100
4654	1	4254	6	164
4655	2	4254	8	100
4656	3	4254	19	110
4657	1	4255	20	150
4658	2	4255	21	140
4659	3	4255	23	80
4660	4	4255	11	40
4661	5	4255	18	150
4662	1	4256	11	40
4663	2	4256	17	130
4664	1	4257	18	150
4665	2	4257	19	100
4666	1	4258	13	90
4667	2	4258	11	40
4668	1	4259	11	80
4669	2	4259	23	80
4670	3	4259	6	105
4671	4	4259	13	90
4672	5	4259	21	100
4673	6	4259	8	100
4674	1	4260	17	177
4675	2	4260	19	100
4676	3	4260	7	200
4677	4	4260	9	210
4678	1	4261	23	80
4679	2	4261	21	140
4680	3	4261	6	132
4681	4	4261	14	91
4682	1	4262	11	40
4683	1	4263	18	140
4684	2	4263	8	100
4685	3	4263	19	100
4686	1	4264	11	40
4687	2	4264	17	126
4688	3	4264	13	90
4689	1	4265	18	150
4690	2	4265	11	40
4691	1	4266	8	100
4692	1	4267	17	130
4693	2	4267	13	90
4694	3	4267	11	80
4695	4	4267	23	80
4696	5	4267	6	128
4697	6	4267	21	100
4698	7	4267	8	100
4699	1	4268	18	172
4700	2	4268	11	40
4701	1	4269	9	210
4702	2	4269	7	200
4703	1	4270	21	140
4704	2	4270	13	90
4705	3	4270	19	100
4706	1	4271	6	120
4707	2	4271	12	35
4708	3	4271	14	68
4709	1	4272	11	40
4710	1	4273	20	150
4711	1	4274	11	40
4712	1	4275	11	40
4713	1	4276	23	80
4714	1	4277	18	150
4715	2	4277	17	130
4716	3	4277	11	40
4717	1	4278	7	200
4718	2	4278	9	210
4719	1	4279	19	100
4720	2	4279	21	140
4721	3	4279	8	100
4722	4	4279	23	80
4723	1	4280	6	95
4724	2	4280	12	35
4725	3	4280	14	57
4726	4	4280	17	144
4727	5	4280	19	100
4728	6	4280	18	150
4729	7	4280	11	40
4730	1	4281	24	97
4731	2	4281	8	67
4732	1	4282	11	40
4733	2	4282	18	150
4734	1	4283	11	80
4735	2	4283	23	80
4736	3	4283	17	130
4737	4	4283	13	180
4738	5	4283	8	100
4739	6	4283	24	100
4740	1	4284	12	35
4741	2	4284	7	200
4742	3	4284	9	210
4743	4	4284	17	130
4744	5	4284	19	100
4745	1	4285	11	40
4746	2	4285	9	530
4747	1	4286	8	100
4748	2	4286	17	154
4749	1	4287	11	40
4750	2	4287	8	100
4751	3	4287	21	140
4752	1	4288	11	40
4753	2	4288	23	80
4754	3	4288	17	214
4755	4	4288	8	100
4756	5	4288	21	140
4757	6	4288	7	200
4758	7	4288	9	210
4759	1	4289	18	167
4760	2	4289	11	40
4761	3	4289	19	100
4762	4	4289	6	150
4763	1	4290	17	130
4764	2	4290	25	160
4765	3	4290	21	140
4766	4	4290	11	40
4767	5	4290	19	100
4768	1	4291	8	100
4769	1	4292	11	40
4770	2	4292	18	167
4771	3	4292	20	150
4772	1	4293	17	214
4773	1	4294	13	90
4774	1	4295	11	80
4775	2	4295	6	128
4776	3	4295	17	130
4777	4	4295	8	100
4778	5	4295	24	100
4779	6	4295	13	90
4780	1	4296	11	40
4781	2	4296	18	231
4782	1	4297	7	200
4783	2	4297	9	210
4784	3	4297	25	160
4785	4	4297	17	200
4786	1	4298	6	105
4787	2	4298	14	43
4788	3	4298	11	40
4789	4	4298	19	100
4790	1	4299	8	100
4791	1	4300	17	135
4792	2	4300	11	40
4793	3	4300	13	90
4794	1	4301	19	100
4795	2	4301	21	140
4796	1	4302	11	80
4797	2	4302	6	120
4798	3	4302	13	90
4799	4	4302	17	130
4800	5	4302	24	36
4801	6	4302	8	100
4802	1	4303	18	236
4803	2	4303	11	40
4804	3	4303	25	160
4805	4	4303	11	40
4810	1	4306	7	200
4811	2	4306	9	210
4812	1	4307	6	138
4813	2	4307	12	35
4814	3	4307	19	100
4815	4	4307	8	100
4816	1	4308	17	154
4817	2	4308	11	40
4818	3	4308	20	150
4819	1	4309	18	150
4820	2	4309	13	90
4821	3	4309	11	40
4822	4	4309	19	100
4827	1	4311	11	40
4828	2	4311	23	80
4829	1	4312	18	247
4830	2	4312	11	40
4831	3	4312	9	210
4832	4	4312	7	200
4833	5	4312	11	40
4834	1	4313	12	35
4835	2	4313	6	180
4836	3	4313	14	77
4837	1	4314	25	163
4838	2	4314	18	204
4839	3	4314	19	100
4840	4	4314	11	40
4841	1	4315	8	100
4842	2	4315	21	140
4843	3	4315	17	130
4844	1	4316	11	80
4845	2	4316	23	80
4846	3	4316	13	90
4847	4	4316	17	191
4848	5	4316	18	177
4849	6	4316	7	200
4850	7	4316	9	210
4851	1	4317	11	40
4852	2	4317	25	160
4853	3	4317	8	100
4854	4	4317	6	180
4855	5	4317	19	100
4856	1	4318	17	135
4857	2	4318	12	35
4858	3	4318	11	40
4859	4	4318	8	100
4860	1	4319	18	150
4861	1	4320	19	100
4862	2	4320	11	40
4863	1	4321	21	140
4864	2	4321	11	40
4865	1	4322	17	130
4866	2	4322	13	90
4867	1	4323	23	80
4868	2	4323	25	165
4869	1	4324	11	80
4870	2	4324	23	80
4871	1	4325	25	83
4872	2	4325	17	196
4873	3	4325	7	200
4874	4	4325	9	210
4875	5	4325	20	150
4876	1	4328	18	150
4877	1	4329	11	40
4878	2	4329	6	144
4879	3	4329	14	92
4880	4	4329	8	100
4881	5	4329	19	100
4882	6	4329	23	80
4883	1	4330	11	40
4884	2	4330	18	172
4885	3	4330	13	90
4886	1	4331	8	100
4887	2	4331	17	130
4888	1	4332	20	150
4897	1	4335	11	80
4898	2	4335	23	80
4899	1	4336	12	35
4900	2	4336	8	100
4901	3	4336	17	186
4902	4	4336	7	200
4903	5	4336	9	210
4904	1	4337	19	100
4905	2	4337	6	150
4906	3	4337	14	83
4907	4	4337	18	156
4908	5	4337	25	166
4909	1	4338	11	40
4910	2	4338	21	140
4911	3	4338	8	100
4912	4	4338	19	100
4913	1	4339	17	130
4914	1	4340	11	40
4915	2	4340	25	160
4916	3	4340	22	180
4917	1	4341	8	100
4918	2	4341	11	40
4919	1	4342	11	80
4920	2	4342	23	80
4921	3	4342	13	180
4922	4	4342	7	200
4923	5	4342	9	210
4924	6	4342	12	35
4925	1	4343	19	100
4926	2	4343	18	156
4927	3	4343	21	140
4928	4	4343	11	40
4929	1	4344	6	164
4930	2	4344	14	28
4931	3	4344	25	164
4932	4	4344	11	40
4933	5	4344	17	135
4934	6	4344	19	100
4935	7	4344	22	180
4936	8	4344	21	70
4937	1	4345	19	100
4938	2	4345	18	150
4939	3	4345	8	100
4940	1	4346	17	130
4941	2	4346	11	40
4942	1	4347	11	80
4943	2	4347	23	80
4944	1	4348	17	186
4945	2	4348	18	215
4946	3	4348	13	180
4947	1	4349	19	100
4948	2	4349	7	200
4949	3	4349	9	210
4950	1	4352	25	163
4951	2	4352	11	40
4952	3	4352	18	193
4953	4	4352	8	100
4954	5	4352	6	174
4955	6	4352	19	100
4956	1	4353	17	177
4957	2	4353	23	80
4958	1	4354	11	40
4959	2	4354	20	150
4960	3	4354	21	140
4963	1	4356	11	80
4964	2	4356	23	80
4965	3	4356	18	183
4966	4	4356	17	154
4967	5	4356	25	166
4968	6	4356	8	100
4969	7	4356	7	200
4970	8	4356	9	210
4971	1	4357	19	100
4972	2	4357	11	40
4973	3	4357	14	70
4974	4	4357	6	152
4975	1	4358	22	180
4976	2	4358	21	70
4977	3	4358	17	144
4978	4	4358	19	100
4979	1	4359	11	40
4980	2	4359	8	100
4981	1	4360	18	134
4982	2	4360	23	80
4983	3	4360	13	90
4984	1	4361	11	80
4985	2	4361	23	80
4986	3	4361	17	200
4987	4	4361	7	200
4988	5	4361	9	210
4989	1	4362	21	70
4990	2	4362	19	100
4991	1	4363	6	180
4992	2	4363	14	93
4993	3	4363	18	193
4994	4	4363	11	40
4995	5	4363	22	360
4996	6	4363	25	163
4997	1	4364	11	40
4998	2	4364	19	100
4999	3	4364	17	130
5000	4	4364	21	140
5001	5	4364	11	40
5002	1	4365	18	225
5003	2	4365	11	80
5004	3	4365	23	80
5005	4	4365	13	90
5006	5	4365	11	40
5007	1	4366	19	100
5008	2	4366	7	200
5009	3	4366	9	210
5010	4	4366	17	177
5011	5	4366	6	141
5012	6	4366	25	166
5013	1	4367	11	40
5014	2	4367	21	140
5015	3	4367	8	100
5016	4	4367	12	35
5017	5	4367	13	90
5018	1	4368	19	100
5019	2	4368	11	40
5020	3	4368	17	130
5021	1	4369	11	80
5022	2	4369	23	80
5023	3	4369	13	90
5024	1	4370	17	182
5025	2	4370	11	40
5026	3	4370	18	204
5027	4	4370	6	164
5028	5	4370	19	100
5029	1	4371	21	70
5030	2	4371	22	180
5031	3	4371	8	100
5032	4	4371	25	166
5033	5	4371	13	90
5034	6	4371	11	40
5035	1	4372	19	100
5036	2	4372	17	144
5037	3	4372	11	40
5038	4	4372	23	80
5039	5	4372	21	70
5040	1	4373	11	120
5041	1	4374	23	80
5042	2	4374	17	205
5043	3	4374	18	204
5044	4	4374	7	200
5045	5	4374	9	210
5046	1	4375	19	100
5047	2	4375	8	100
5048	3	4375	6	146
5049	4	4375	14	85
5050	5	4375	17	140
5051	6	4375	25	168
5052	1	4376	11	40
5053	2	4376	21	140
5054	3	4376	19	100
5055	4	4376	18	150
5056	1	4377	11	80
5057	2	4377	23	80
5058	3	4377	13	90
5059	1	4378	17	205
5060	2	4378	8	100
5061	3	4378	7	200
5062	4	4378	9	210
5063	5	4378	19	100
5064	6	4378	21	140
5065	7	4378	12	35
5066	8	4378	11	80
5067	1	4379	11	40
5068	2	4379	6	146
5069	3	4379	14	79
5070	4	4379	19	100
5071	5	4379	18	236
5072	6	4379	25	163
5073	1	4380	17	242
5074	2	4380	19	100
5075	1	4381	11	80
5076	2	4381	23	80
5077	3	4381	13	90
5078	1	4382	17	214
5079	2	4382	25	162
5080	3	4382	21	140
5081	4	4382	19	100
5082	1	4383	7	200
5083	2	4383	9	210
5084	3	4383	18	199
5085	4	4383	11	40
5086	5	4383	13	90
5087	6	4383	8	100
5088	1	4384	6	167
5089	2	4384	19	100
5090	3	4384	17	135
5091	4	4384	25	163
5092	1	4385	23	80
5093	2	4385	18	145
5094	3	4385	19	100
5095	4	4385	11	40
5096	5	4385	13	90
5103	1	4388	11	80
5104	2	4388	23	80
5105	3	4388	13	45
5106	1	4389	17	228
5107	2	4389	7	200
5108	3	4389	9	210
5109	1	4390	11	40
5110	2	4390	25	160
5111	3	4390	6	158
5112	4	4390	14	86
5113	1	4391	18	284
5114	2	4391	19	100
5115	3	4391	8	100
5116	4	4391	21	140
5117	5	4391	8	100
5118	6	4391	11	40
5119	1	4392	25	160
5120	2	4392	17	130
5121	3	4392	11	40
5122	4	4392	19	100
5123	5	4392	21	70
5124	6	4392	22	180
5125	1	4393	11	80
5126	2	4393	23	80
5127	3	4393	13	180
5128	1	4394	17	191
5129	2	4394	7	200
5130	3	4394	9	210
5131	4	4394	11	40
5132	5	4394	17	196
5133	1	4395	6	164
5134	2	4395	19	100
5135	3	4395	25	160
5136	4	4395	11	40
5137	5	4395	23	80
5138	6	4395	8	100
5139	7	4395	11	40
5140	8	4395	21	140
5141	9	4395	19	100
5142	10	4395	11	40
5143	11	4395	17	186
5144	12	4395	25	160
5145	1	4396	11	80
5146	2	4396	23	80
5147	3	4396	17	158
5148	4	4396	18	258
5149	1	4397	7	200
5150	2	4397	9	210
5151	3	4397	6	120
5152	4	4397	6	45
5153	5	4397	14	112
5154	6	4397	11	40
5155	7	4397	19	100
5156	1	4398	25	160
5157	2	4398	21	140
5158	3	4398	8	100
5159	4	4398	11	40
5160	5	4398	13	90
5161	6	4398	17	130
5162	7	4398	11	40
5163	8	4398	19	100
5164	9	4398	18	150
5165	10	4398	8	100
5173	1	4400	23	80
5174	2	4400	11	80
5175	1	4401	12	35
5176	2	4401	21	140
5177	3	4401	8	100
5178	4	4401	11	40
5179	1	4402	17	172
5180	2	4402	7	200
5181	3	4402	9	200
5182	4	4402	9	150
5183	5	4402	9	190
5184	6	4402	25	160
5185	7	4402	19	100
5186	8	4402	6	149
5187	1	4404	9	190
5188	2	4404	11	40
5189	3	4404	11	40
5190	4	4404	8	100
5191	5	4404	9	150
5192	6	4404	25	80
5193	7	4404	17	130
5194	1	4405	11	80
5195	2	4405	23	80
5196	3	4405	13	90
5197	1	4406	18	209
5198	2	4406	11	40
5199	3	4406	7	200
5200	4	4406	9	245
5201	5	4406	19	100
5202	1	4408	11	40
5203	2	4408	9	190
5204	3	4408	6	126
5205	4	4408	17	186
5206	5	4408	20	150
5207	6	4408	25	166
5208	7	4408	9	150
5209	8	4408	8	100
5210	1	4409	9	200
5211	2	4409	11	40
5212	3	4409	18	188
5213	4	4409	19	100
5214	5	4409	9	190
5215	6	4409	11	40
5216	7	4409	17	154
5217	8	4409	9	245
5218	1	4411	11	80
5219	2	4411	23	80
5220	3	4411	13	90
5221	1	4412	17	172
5222	2	4412	9	150
5223	3	4412	7	200
5224	4	4412	9	210
5225	1	4413	18	204
5226	2	4413	8	100
5227	3	4413	6	138
5228	4	4413	11	40
5229	5	4413	9	199
5230	6	4413	9	245
5231	1	4415	11	40
5232	2	4415	25	160
5233	3	4415	9	150
5234	1	4416	11	80
5235	2	4416	23	80
5236	3	4416	17	182
5237	4	4416	9	190
5238	5	4416	6	125
5239	6	4416	9	200
5240	7	4416	18	231
5241	8	4416	11	40
5242	1	4417	7	200
5243	2	4417	9	210
5244	3	4417	9	245
5245	4	4417	11	40
5246	5	4417	11	40
5247	6	4417	8	100
5248	7	4417	17	130
5249	8	4417	19	100
5253	1	4419	11	80
5254	2	4419	23	80
5255	3	4419	13	90
5256	1	4420	17	200
5257	2	4420	11	40
5258	3	4420	9	190
5259	4	4420	18	209
5260	5	4420	13	90
5261	1	4421	9	190
5262	2	4421	11	40
5263	3	4421	25	126
5264	4	4421	6	120
5265	5	4421	17	209
5266	6	4421	9	180
5267	7	4421	21	140
5268	8	4421	9	390
5269	9	4421	11	40
5270	10	4421	19	100
5271	11	4421	9	180
5274	1	4423	11	80
5275	2	4423	13	180
5276	1	4424	17	209
5277	2	4424	9	180
5278	3	4424	25	160
5279	4	4424	18	188
5280	5	4424	19	100
5281	1	4425	7	200
5282	2	4425	9	210
5283	3	4425	21	70
5284	4	4425	17	177
5285	5	4425	9	180
5286	6	4425	25	144
5287	1	4426	17	144
5288	2	4426	19	100
5289	1	4427	17	191
5290	2	4427	21	140
5291	3	4427	13	90
5292	1	4428	9	190
5293	2	4428	11	40
5294	3	4428	8	100
5295	4	4428	19	80
5296	5	4428	9	180
5297	6	4428	25	136
5298	1	4429	18	167
5299	2	4429	11	40
5300	3	4429	6	159
5301	4	4429	9	190
5302	5	4429	17	228
5303	6	4429	7	200
5304	7	4429	9	210
5305	8	4429	9	180
5306	9	4429	23	40
5307	10	4429	11	40
5308	1	4430	25	158
5309	2	4430	9	190
5322	1	4434	11	80
5323	2	4434	13	180
5324	1	4435	12	35
5325	2	4435	25	112
5326	3	4435	7	200
5327	1	4436	18	279
5328	2	4436	11	40
5329	3	4436	24	143
5330	1	4437	6	72
5331	2	4437	11	40
5332	3	4437	6	250
5333	4	4437	25	155
5334	5	4437	11	40
5335	6	4437	19	80
5336	1	4438	17	140
5337	2	4438	24	108
5338	3	4438	11	40
5339	1	4439	11	80
5340	2	4439	23	80
5341	3	4439	13	180
5342	4	4439	24	110
5343	1	4440	17	196
5344	2	4440	25	168
5345	3	4440	18	263
5346	4	4440	11	40
5347	5	4440	6	191
5348	6	4440	17	196
5349	7	4440	19	100
5350	1	4441	24	154
5351	2	4441	11	80
5352	3	4441	19	80
5353	4	4441	18	172
5354	5	4441	25	160
5355	6	4441	8	100
5404	1	4452	8	100
5405	2	4452	11	80
5406	3	4452	9	210
5407	1	4453	7	280
5408	2	4453	9	210
5409	3	4453	12	35
5410	4	4453	17	200
5411	5	4453	9	210
5412	6	4453	25	155
5413	7	4453	11	40
5414	1	4455	6	180
5415	2	4455	11	40
5416	3	4455	18	188
5417	4	4455	9	126
5418	5	4455	24	125
5419	1	4456	8	100
5420	2	4456	11	80
5421	1	4457	7	280
5422	2	4457	9	210
5423	3	4457	12	35
5424	4	4457	17	186
5425	5	4457	19	80
5426	1	4458	9	210
5427	2	4458	18	220
5428	3	4458	6	213
5429	4	4458	24	122
5430	5	4458	25	114
5431	6	4458	9	137
5432	1	4459	18	150
5433	2	4459	25	80
5434	3	4459	24	111
5435	4	4459	11	40
5448	1	4462	11	80
5449	2	4462	8	100
5450	3	4462	13	180
5451	1	4463	7	280
5452	2	4463	12	35
5453	3	4463	9	210
5454	4	4463	11	40
5455	5	4463	8	100
5456	1	4464	6	63
5457	2	4464	18	215
5458	3	4464	17	196
5459	4	4464	19	80
5460	5	4464	9	210
5461	6	4464	7	280
5462	7	4464	25	160
5463	1	4465	25	80
5464	2	4465	11	40
5465	3	4465	9	210
5466	4	4465	17	130
5467	5	4465	17	117
5468	6	4465	13	50
5472	1	4467	8	100
5473	2	4467	11	80
5474	3	4467	9	210
5475	1	4468	12	35
5476	2	4468	7	280
5477	3	4468	9	210
5478	4	4468	17	196
5479	5	4468	9	210
5480	6	4468	11	40
5481	1	4469	11	40
5482	2	4469	6	123
5483	3	4469	6	380
5484	1	4470	25	160
5485	2	4470	8	100
5492	1	4473	11	40
5493	2	4473	18	258
5494	3	4473	9	210
5495	4	4473	7	280
5496	5	4473	9	210
5497	6	4473	19	80
5498	1	4474	6	90
5499	2	4474	6	360
5500	3	4474	25	160
5501	4	4474	9	210
5502	5	4474	11	40
5503	6	4474	8	100
5504	1	4475	8	100
5505	2	4475	11	80
5506	3	4475	13	180
5507	1	4476	12	35
5508	2	4476	7	280
5509	3	4476	9	210
5510	4	4476	18	268
5511	5	4476	9	210
5512	1	4477	17	233
5513	2	4477	6	188
5514	3	4477	25	160
5515	1	4478	25	160
5516	2	4478	8	100
5517	3	4478	9	210
5518	1	4479	11	80
5519	2	4479	13	180
5520	3	4479	7	280
5521	4	4479	9	210
5522	1	4480	17	233
5523	2	4480	18	268
5524	3	4480	11	40
5525	1	4481	6	350
5526	2	4481	6	180
5527	3	4481	19	80
5528	4	4481	25	160
5529	1	4482	8	100
5530	2	4482	11	40
5531	3	4482	9	210
5532	1	4484	25	160
5533	2	4484	9	210
5534	1	4485	11	80
5535	2	4485	13	180
5536	3	4485	8	100
5537	1	4486	12	35
5538	2	4486	7	280
5539	3	4486	9	210
5540	4	4486	17	233
5541	5	4486	9	210
5542	6	4486	25	160
5543	1	4487	6	165
5544	2	4487	6	420
5545	3	4487	9	210
5546	4	4487	19	80
5547	5	4487	8	100
5548	6	4487	17	140
5555	1	4490	11	40
5556	2	4490	18	177
5557	3	4490	12	35
5558	4	4490	9	210
5559	5	4490	7	280
5560	6	4490	9	235
5561	1	4491	11	40
5562	2	4491	6	207
5563	3	4491	9	290
5564	4	4491	24	179
5565	5	4491	9	210
5566	6	4491	11	40
5567	7	4491	8	100
5568	1	4492	19	80
5569	2	4492	9	210
5570	3	4492	11	40
5571	4	4492	11	40
5572	5	4492	13	180
5573	1	4493	11	80
5574	2	4493	8	100
5575	3	4493	13	180
5576	1	4494	12	35
5577	2	4494	7	280
5578	3	4494	9	210
5579	4	4494	9	235
5580	5	4494	11	40
5581	1	4495	6	141
5582	2	4495	17	242
5583	3	4495	25	160
5584	4	4495	9	210
5585	1	4496	19	80
5586	2	4496	8	100
5587	3	4496	18	150
5588	4	4496	9	210
5589	5	4496	25	160
5590	6	4496	8	100
5591	7	4496	11	40
5592	1	4497	11	80
5593	2	4497	8	100
5594	3	4497	13	180
5595	1	4498	12	35
5596	2	4498	7	280
5597	3	4498	9	210
5598	4	4498	17	233
5599	5	4498	9	210
5600	6	4498	18	268
5601	7	4498	7	280
5602	8	4498	8	100
5603	9	4498	25	160
5604	10	4498	11	40
5605	11	4498	9	210
5610	1	4500	17	214
5611	2	4500	9	210
5612	3	4500	11	40
5613	1	4501	7	280
5614	2	4501	9	210
5615	3	4501	25	160
5616	4	4501	11	40
5617	5	4501	6	210
5618	6	4501	18	258
5619	1	4502	7	280
5620	2	4502	12	35
5621	3	4502	25	110
5622	4	4502	8	100
5623	1	4503	8	100
5624	2	4503	11	40
5625	3	4503	24	108
5626	4	4503	17	130
5627	1	4504	11	40
5628	2	4504	17	186
5629	3	4504	25	134
5630	4	4504	7	280
5631	5	4504	9	210
5632	6	4504	18	209
5633	7	4504	11	40
5634	8	4504	19	100
5635	9	4504	8	100
5636	10	4504	6	189
5637	11	4504	6	370
5638	1	4505	9	210
5639	2	4505	17	154
5640	3	4505	18	215
5641	4	4505	25	160
5642	5	4505	9	210
5643	6	4505	11	40
5644	7	4505	24	100
5645	8	4505	25	107
5646	9	4505	11	40
5647	10	4505	9	210
5648	11	4505	17	130
5649	1	4506	8	160
5650	2	4506	11	80
5651	3	4506	13	180
5652	1	4507	12	35
5653	2	4507	11	40
5654	1	4508	9	210
5655	2	4508	7	280
5656	3	4508	17	196
5657	4	4508	6	159
5658	5	4508	9	210
5659	6	4508	25	147
5660	1	4509	8	700
5661	1	4510	8	160
5662	2	4510	11	80
5663	3	4510	13	180
5664	1	4511	12	35
5665	2	4511	7	280
5666	3	4511	9	210
5667	4	4511	25	160
5668	1	4512	17	205
5669	2	4512	18	177
5670	3	4512	6	113
5671	4	4512	6	290
5672	5	4512	9	210
5673	6	4512	11	40
5674	1	4513	25	107
5675	2	4513	18	150
5676	3	4513	19	80
5677	1	4514	11	40
5678	2	4514	17	205
5679	3	4514	9	210
5680	4	4514	13	180
5681	5	4514	7	280
5682	6	4514	9	210
5683	1	4515	17	251
5684	2	4515	6	400
5685	3	4515	19	80
5686	4	4515	24	125
5687	5	4515	18	236
5688	6	4515	11	40
5689	1	4517	25	107
5690	2	4517	8	100
5698	1	4520	13	180
5699	2	4520	11	80
5700	3	4520	8	160
5701	1	4521	12	35
5702	2	4521	7	280
5703	3	4521	9	210
5704	4	4521	17	205
5705	5	4521	9	210
5706	1	4522	6	480
5707	2	4522	19	80
5708	3	4522	11	40
5709	4	4522	9	210
5710	5	4522	25	91
5711	1	4523	11	80
5712	2	4523	13	180
5713	3	4523	8	160
5714	1	4524	12	35
5715	2	4524	7	280
5716	3	4524	9	210
5717	4	4524	17	200
5718	1	4525	18	225
5719	2	4525	6	180
5720	3	4525	25	184
5721	4	4525	9	210
5722	5	4525	19	80
5723	6	4525	24	125
5724	7	4525	11	40
5725	8	4525	25	110
5726	9	4525	8	100
5727	10	4525	11	40
5728	11	4525	17	130
5729	12	4525	9	210
5736	1	4527	17	168
5737	2	4527	9	210
5738	3	4527	25	160
5739	4	4527	19	80
5740	5	4527	18	215
5741	6	4527	11	40
5742	7	4527	25	160
5743	8	4527	7	280
5744	9	4527	9	210
5745	1	4528	9	1550
5865	1	4560	7	170
5866	2	4560	9	210
5867	1	4561	11	80
5868	2	4561	23	80
5869	3	4561	8	100
5870	4	4561	13	180
5871	5	4561	13	120
5872	1	4562	9	400
5873	1	4563	11	40
5874	2	4563	25	155
5875	3	4563	11	40
5876	4	4563	13	120
5877	1	4564	6	143
5878	2	4564	12	140
5879	3	4564	7	180
5880	1	4565	11	40
5881	2	4565	25	91
5882	1	4566	7	174
5883	2	4566	9	210
5884	1	4567	11	120
5885	2	4567	13	180
5886	3	4567	13	130
5887	4	4567	8	100
5888	5	4567	9	400
5889	1	4568	25	110
5890	2	4568	7	180
5891	3	4568	9	210
5892	4	4568	11	40
5893	1	4569	16	108
5894	2	4569	6	135
5895	3	4569	19	80
5896	4	4569	25	90
5897	1	4570	7	180
5898	2	4570	11	80
5899	3	4570	25	91
5900	1	4571	7	180
5901	2	4571	9	210
5902	1	4572	11	40
5903	2	4572	13	180
5904	3	4572	25	100
5905	4	4572	9	120
5906	5	4572	7	140
5907	6	4572	13	130
5908	1	4573	6	99
5909	2	4573	16	74
5910	3	4573	19	80
5911	4	4573	8	100
5912	5	4573	11	40
5913	6	4573	11	40
5914	7	4573	25	111
5915	1	4574	7	180
5916	2	4574	9	210
5917	1	4575	11	40
5918	2	4575	25	88
5919	1	4576	7	180
5920	2	4576	9	210
5921	1	4577	11	120
5922	2	4577	13	180
5923	3	4577	13	130
5924	1	4578	9	400
5925	1	4579	25	116
5926	2	4579	7	180
5927	3	4579	9	210
5928	1	4580	13	130
5929	2	4580	11	40
5930	3	4580	6	171
5931	4	4580	16	61
5932	5	4580	7	180
5933	1	4581	11	40
5934	2	4581	25	112
5935	1	4582	7	180
5936	2	4582	9	210
5937	1	4583	11	120
5938	2	4583	8	100
5939	3	4583	13	180
5940	4	4583	13	130
5941	1	4584	9	400
5942	2	4584	11	80
5943	3	4584	13	130
5944	1	4585	9	210
5945	2	4585	7	180
5946	3	4585	25	112
5947	4	4585	6	138
5948	5	4585	12	18
5949	6	4585	7	180
5950	1	4586	11	80
5951	2	4586	25	83
5952	1	4587	7	180
5953	2	4587	9	210
5954	1	4588	9	120
5955	2	4588	7	140
5956	3	4588	11	80
5957	4	4588	25	56
5958	1	4589	11	40
5959	2	4589	19	80
5960	3	4589	9	700
5961	1	4590	11	40
5962	2	4590	13	130
5963	3	4590	6	141
5964	4	4590	12	30
5965	5	4590	7	180
5966	6	4590	11	40
5967	1	4591	11	40
5968	2	4591	13	90
5969	1	4592	9	210
5970	2	4592	7	180
5971	1	4593	25	86
5972	2	4593	11	40
5973	1	4594	9	210
5974	2	4594	7	180
5975	3	4594	11	40
5976	4	4594	13	130
5977	5	4594	13	180
5978	6	4594	6	236
5979	7	4594	16	107
5980	8	4594	23	80
5981	1	4595	7	180
5982	2	4595	12	20
5983	3	4595	11	40
5984	1	4596	11	40
5985	2	4596	25	83
5986	1	4597	7	180
5987	2	4597	9	210
5988	1	4598	11	80
5989	2	4598	23	80
5990	3	4598	13	180
5991	4	4598	13	130
5992	5	4598	8	100
5993	1	4599	9	400
5994	1	4600	7	180
5995	2	4600	9	210
5996	3	4600	25	84
5997	4	4600	11	40
5998	5	4600	19	80
5999	1	4601	13	130
6000	2	4601	11	40
6001	3	4601	16	61
6002	4	4601	8	100
6003	5	4601	6	179
6004	6	4601	11	40
6005	7	4601	7	180
6006	8	4601	12	20
6007	9	4601	25	83
6008	10	4601	11	40
6009	1	4602	11	80
6010	2	4602	23	80
6011	3	4602	13	180
6012	4	4602	8	100
6013	5	4602	13	130
6014	1	4603	7	180
6015	2	4603	9	210
6016	1	4604	9	400
6017	1	4605	7	180
6018	2	4605	9	210
6019	3	4605	25	109
6020	4	4605	8	100
6021	5	4605	6	143
6022	6	4605	11	20
6023	7	4605	16	71
6024	8	4605	7	180
6025	9	4605	12	25
6026	1	4606	25	79
6027	1	4607	11	40
6036	1	4611	9	210
6037	2	4611	13	180
6038	3	4611	13	130
6039	4	4611	12	100
6040	1	4612	9	400
6041	1	4613	9	210
6042	2	4613	19	80
6043	1	4614	13	130
6044	2	4614	11	40
6045	3	4614	16	115
6046	4	4614	7	180
6047	5	4614	11	40
6048	6	4614	25	56
6049	7	4614	11	40
6050	1	4615	7	180
6051	2	4615	9	105
6052	1	4616	11	40
6053	2	4616	13	180
6054	3	4616	12	100
6055	4	4616	7	140
6056	5	4616	9	120
6057	6	4616	25	82
6058	7	4616	11	40
6059	1	4617	11	40
6060	2	4617	23	40
6061	3	4617	7	180
6062	4	4617	9	210
6063	5	4617	11	40
6064	1	4618	6	237
6065	2	4618	25	98
6066	3	4618	7	180
6067	4	4618	12	20
6068	5	4618	11	40
6069	6	4618	8	100
6078	1	4620	7	180
6079	2	4620	9	105
6080	1	4621	13	180
6081	2	4621	11	40
6082	3	4621	23	80
6083	4	4621	9	400
6084	5	4621	12	100
6085	1	4622	13	130
6086	2	4622	11	40
6087	1	4623	11	40
6088	2	4623	13	130
6089	3	4623	6	161
6090	4	4623	12	20
6091	1	4624	7	180
6092	2	4624	16	89
6093	3	4624	11	40
6094	4	4624	25	80
6095	1	4625	11	40
6096	2	4625	19	80
6097	1	4626	9	105
6098	2	4626	7	180
6099	1	4627	11	40
6100	2	4627	13	180
6101	3	4627	23	40
6102	4	4627	12	100
6103	5	4627	11	40
6104	6	4627	9	400
6105	7	4627	13	130
6106	1	4628	7	180
6107	2	4628	9	210
6108	3	4628	11	40
6109	4	4628	6	155
6110	5	4628	16	106
6111	1	4629	25	84
6112	2	4629	12	20
6113	3	4629	11	40
6114	4	4629	7	120
6115	5	4629	19	80
6116	6	4629	11	40
6117	7	4629	13	180
6118	1	4630	8	100
6119	2	4630	11	40
6120	1	4631	7	120
6121	2	4631	11	40
6122	3	4631	13	180
6123	1	4632	7	120
6124	2	4632	9	210
6125	3	4632	11	40
6126	4	4632	25	88
6127	5	4632	11	40
6128	6	4632	13	130
6129	1	4633	6	137
6130	2	4633	12	20
6131	3	4633	12	100
6132	4	4633	11	40
6133	1	4634	6	210
6134	2	4634	16	106
6135	3	4634	7	120
6136	4	4634	25	107
6137	5	4634	12	25
6138	1	4635	8	100
6139	2	4635	11	80
6140	1	4636	7	120
6141	1	4637	11	120
6142	2	4637	13	180
6143	3	4637	12	100
6144	1	4638	9	210
6145	1	4639	9	190
6146	1	4640	7	120
6147	2	4640	9	210
6148	3	4640	11	40
6149	1	4641	11	40
6150	2	4641	13	130
6151	3	4641	6	210
6152	4	4641	16	106
6153	1	4642	7	125
6154	2	4642	12	20
6155	1	4643	11	40
6156	2	4643	8	100
6157	3	4643	25	83
6158	1	4644	7	120
6159	2	4644	9	105
6160	3	4644	13	180
6161	4	4644	11	40
6162	1	4646	9	400
6163	2	4646	11	40
6164	3	4646	23	60
6165	4	4646	8	100
6166	5	4646	12	100
6167	1	4647	13	130
6168	2	4647	7	120
6169	3	4647	9	210
6170	1	4648	11	40
6171	2	4648	8	100
6172	3	4648	25	69
6173	1	4649	7	120
6174	2	4649	11	40
6175	3	4649	8	100
6176	4	4649	25	83
6177	5	4649	11	40
6178	6	4649	8	100
6179	1	4650	7	120
6180	2	4650	25	82
6181	3	4650	11	40
6182	4	4650	9	210
6183	1	4651	7	140
6184	2	4651	9	120
6185	1	4652	11	40
6186	2	4652	25	70
6187	3	4652	14	120
6188	4	4652	11	40
6189	5	4652	25	110
6190	6	4652	14	120
6191	1	4653	6	240
6192	2	4653	14	100
6193	3	4653	11	40
6194	1	4657	11	40
6195	2	4657	6	128
6196	3	4657	11	112
6197	1	4658	7	120
6198	2	4658	12	25
6199	1	4659	11	40
6200	2	4659	8	100
6201	1	4660	7	120
6202	2	4660	11	40
6203	1	4661	13	180
6204	2	4661	9	120
6205	3	4661	6	180
6206	4	4661	8	100
6207	5	4661	25	81
6208	6	4661	11	40
6209	1	4662	12	140
6210	2	4662	13	130
6211	3	4662	11	40
6212	4	4662	7	120
6213	5	4662	9	210
6214	6	4662	16	72
6215	7	4662	6	120
6216	8	4662	12	25
6217	1	4663	8	100
6218	2	4663	11	40
6219	1	4664	7	120
6220	1	4665	13	180
6221	2	4665	11	40
6222	3	4665	9	400
6223	4	4665	12	140
6224	5	4665	11	40
6225	6	4665	13	249
6226	1	4666	7	120
6227	2	4666	9	210
6228	3	4666	11	40
6229	4	4666	25	96
6230	1	4667	11	40
6231	2	4667	6	191
6232	3	4667	16	76
6233	4	4667	16	150
6234	5	4667	7	120
6235	6	4667	12	20
6236	1	4668	11	40
6237	2	4668	8	100
6238	3	4668	25	91
6239	1	4669	7	120
6240	2	4669	13	180
6241	3	4669	11	40
6242	4	4669	9	400
6243	5	4669	23	40
6244	6	4669	8	100
6245	7	4669	12	140
6246	8	4669	13	130
6247	9	4669	11	40
6248	1	4670	25	110
6249	2	4670	11	40
6250	3	4670	9	60
6251	4	4670	26	90
6252	5	4670	9	210
6253	6	4670	7	120
6254	7	4670	19	80
6255	8	4670	11	40
6256	1	4673	9	140
6257	2	4673	6	135
6258	3	4673	26	48
6259	4	4673	13	180
6260	5	4673	27	83
6261	6	4673	11	40
6262	7	4673	7	120
6263	8	4673	12	20
6264	9	4673	11	40
6265	10	4673	8	100
6266	11	4673	25	80
6267	1	4674	8	100
6268	2	4674	11	40
6269	1	4675	7	120
6270	2	4675	13	180
6271	3	4675	11	40
6272	1	4676	11	40
6273	2	4676	6	158
6274	3	4676	16	108
6275	4	4676	11	40
6276	1	4677	7	120
6277	2	4677	9	210
6278	3	4677	9	60
6279	4	4677	26	48
6280	5	4677	7	120
6281	6	4677	25	92
6282	7	4677	12	25
6283	1	4678	8	100
6284	2	4678	11	40
6285	1	4679	8	100
6286	2	4679	19	80
6287	1	4680	7	120
6288	1	4681	11	40
6289	2	4681	13	180
6290	3	4681	23	40
6291	4	4681	12	140
6292	5	4681	13	130
6293	1	4682	11	40
6294	2	4682	9	60
6295	3	4682	26	48
6296	4	4682	25	107
6297	1	4683	11	40
6298	2	4683	16	57
6299	3	4683	6	225
6300	1	4684	9	400
6301	1	4685	7	120
6302	2	4685	9	210
6303	3	4685	23	40
6304	4	4685	12	25
6305	1	4686	11	80
6306	2	4686	25	70
6307	3	4686	8	100
6308	1	4687	7	120
6309	1	4688	11	40
6310	2	4688	13	180
6311	3	4688	23	40
6312	4	4688	9	400
6313	5	4688	13	130
6314	1	4689	9	210
6315	2	4689	7	120
6316	3	4689	11	40
6317	4	4689	11	40
6318	5	4689	6	137
6319	6	4689	25	80
6320	7	4689	16	105
6321	8	4689	11	40
6322	1	4690	7	120
6323	2	4690	12	25
6324	3	4690	8	100
6334	1	4692	7	130
6335	2	4692	9	210
6336	3	4692	11	40
6337	1	4693	6	240
6338	2	4693	9	400
6339	3	4693	12	35
6340	4	4693	16	150
6341	5	4693	9	130
6342	6	4693	23	80
6343	1	4694	6	177
6344	2	4694	9	120
6345	3	4694	8	100
6346	4	4694	26	90
6347	5	4694	11	40
6348	6	4694	13	180
6349	7	4694	19	80
6350	8	4694	7	120
6351	9	4694	12	20
6352	10	4694	11	40
6353	1	4695	8	100
6354	2	4695	11	40
6355	3	4695	25	80
6356	1	4696	7	120
6357	2	4696	11	40
6358	3	4696	9	400
6359	4	4696	13	180
6360	5	4696	12	140
6361	1	4697	8	100
6362	2	4697	11	40
6363	3	4697	9	60
6364	4	4697	26	72
6365	1	4698	6	242
6366	2	4698	11	40
6367	3	4698	16	107
6368	4	4698	19	80
6369	5	4698	25	90
6370	6	4698	7	120
6371	7	4698	12	20
6372	8	4698	11	40
6373	9	4698	8	100
6374	1	4699	11	80
6375	2	4699	8	100
6376	3	4699	25	83
6377	1	4700	7	120
6378	1	4701	13	180
6379	2	4701	11	40
6380	3	4701	9	400
6381	4	4701	8	100
6382	5	4701	13	130
6383	6	4701	11	40
6384	7	4701	12	140
6385	1	4702	6	161
6386	2	4702	16	117
6387	3	4702	25	96
6388	1	4703	9	210
6389	2	4703	11	40
6390	3	4703	7	120
6391	4	4703	9	120
6392	5	4703	26	95
6393	6	4703	19	80
6394	7	4703	11	40
6395	8	4703	8	100
6396	9	4703	13	180
6397	1	4704	11	40
6398	2	4704	25	67
6399	1	4705	7	120
6400	2	4705	11	40
6401	3	4705	13	180
6402	4	4705	9	120
6403	5	4705	26	78
6404	6	4705	11	40
6405	7	4705	8	100
6406	1	4706	11	40
6407	2	4706	7	120
6408	3	4706	9	210
6409	1	4707	6	206
6410	2	4707	16	117
6411	3	4707	11	40
6412	4	4707	7	120
6413	5	4707	12	20
6414	6	4707	8	100
6415	1	4708	11	40
6416	2	4708	25	90
6417	3	4708	11	40
6418	1	4709	7	120
6419	1	4710	13	180
6420	2	4710	11	40
6421	3	4710	23	40
6422	4	4710	9	400
6423	5	4710	11	40
6424	6	4710	12	140
6425	7	4710	13	130
6426	1	4711	9	120
6427	2	4711	26	84
6428	3	4711	11	40
6429	4	4711	23	40
6430	5	4711	25	96
6431	1	4712	11	40
6432	2	4712	16	108
6433	3	4712	6	206
6434	4	4712	19	80
6435	5	4712	11	40
6436	6	4712	7	120
6437	7	4712	12	20
6438	8	4712	8	100
6439	9	4712	25	91
6440	10	4712	9	120
6441	11	4712	26	90
6442	12	4712	13	180
6443	1	4713	11	40
6444	2	4713	8	100
6445	3	4713	19	80
6446	1	4714	7	120
6447	1	4715	13	180
6448	2	4715	11	40
6449	3	4715	8	100
6450	4	4715	23	40
6451	5	4715	9	400
6452	6	4715	11	40
6453	1	4716	7	120
6454	2	4716	9	210
6455	3	4716	11	40
6456	1	4717	11	40
6457	2	4717	13	130
6458	3	4717	6	161
6459	4	4717	16	120
6460	5	4717	9	120
6461	6	4717	26	90
6462	7	4717	7	120
6463	8	4717	12	20
